            1
   01/03/2023
        130.1
       130.28
       131.46
       131.46
       130.28
        28978
          596
1672736400000
       131.36
       131.13
       131.44
          131
        30130
          463
1672736700000
       131.19
       131.22
       131.35
       131.19
         7838
          179
1672737000000
       131.21
        131.1
       131.32
       131.09
        14795
          225
1672737300000
       131.01
       131.13
       131.13
       130.95
        19138
          283
1672737600000
       131.14
        130.9
       131.14
        130.9
         4796
          168
1672737900000
       130.92
       130.94
       130.97
        130.9
         6731
          144
1672738200000
       130.97
       131.05
       131.11
       130.96
       8944.5
        147.0
1672756500000
       131.02
       131.15
       131.24
       131.02
        11158
          150
1672738800000
       131.22
        131.3
        131.3
       131.17
        10712
          122
1672739100000
        131.3
        131.3
        131.3
       131.17
         1732
           53
1672739400000
       131.23
        131.3
        131.3
       131.23
         7675
          130
1672739700000
        131.4
       131.26
        131.4
       131.25
         3382
          111
1672740000000
       131.23
       131.24
       131.29
       131.15
         6240
          133
1672740300000
        131.2
       131.13
        131.2
       131.01
         2807
           91
1672740600000
       131.05
       130.93
       131.05
       130.93
         4052
          135
1672740900000
       130.93
       130.88
       130.93
       130.88
         4698
          121
1672741200000
       130.84
        130.8
       130.92
        130.8
        12450
          200
1672741500000
        130.8
        130.8
        130.8
        130.8
          242
            8
1672741800000
       130.84
        130.9
       130.91
       130.84
       2728.0
         54.5
1672760100000
       130.88
          131
       131.02
       130.87
         5214
          101
1672742400000
       131.05
       131.04
       131.05
       131.02
         2097
           57
1672742700000
          131
          131
          131
          131
          526
           28
1672743000000
       130.99
          131
          131
       130.99
         1145
           23
1672743300000
       130.91
        130.9
       130.95
        130.8
         3474
          129
1672743600000
       130.88
        130.8
        130.9
        130.8
         4876
           90
1672743900000
        130.8
       130.75
        130.8
       130.71
         1847
          122
1672744200000
       130.75
       130.88
       130.89
       130.75
         2269
           39
1672744500000
       130.83
       130.85
       130.85
       130.83
         1257
           25
1672744800000
       130.87
       130.79
        130.9
       130.79
         1142
           56
1672745100000
        130.9
       130.95
       131.25
       130.83
        15866
          178
1672745400000
       130.91
       130.88
       130.91
       130.88
         1641
           68
1672745700000
       130.83
        130.2
       130.84
       130.11
        11462
          323
1672746000000
       130.19
       130.07
       130.28
       130.07
        11148
          194
1672746300000
       130.08
       130.24
       130.29
       130.05
        20443
          273
1672746600000
       130.37
       130.38
        130.4
       130.35
         8576
           86
1672746900000
       130.38
       130.15
       130.45
       130.03
        34670
          433
1672747200000
       130.15
       130.26
       130.35
       130.15
        20638
          288
1672747500000
       130.21
       130.38
       130.38
        130.2
        15431
          253
1672747800000
       130.45
       130.62
       130.74
       130.38
        18859
          370
1672748100000
       130.59
       130.62
       130.66
       130.57
         9733
          190
1672748400000
       130.61
       130.46
       130.64
        130.4
        13239
          268
1672748700000
        130.5
       130.62
       130.66
        130.5
        16244
          255
1672749000000
       130.62
       130.63
       130.63
       130.57
         6323
          146
1672749300000
       130.65
        130.7
       130.75
       130.64
        11225
          248
1672749600000
        130.7
        130.6
       130.72
       130.52
        12805
          266
1672749900000
       130.65
        130.5
       130.65
        130.5
         7426
          166
1672750200000
       130.46
        130.5
        130.5
       130.37
        18007
          290
1672750500000
       130.25
       130.81
     131.2285
       129.63
       145151
         2005
1672750800000
       130.76
        130.3
       130.77
       130.24
        36295
          729
1672751100000
     130.3708
       130.38
       130.42
       130.21
        35715
          390
1672751400000
       130.43
       130.44
        130.5
       130.29
        31733
          454
1672751700000
       130.48
        130.7
       130.88
       130.48
        40616
          560
1672752000000
       130.61
        130.5
       130.67
       130.41
        16998
          366
1672752300000
       130.47
     130.5492
     130.5492
       130.41
         9780
          222
1672752600000
       130.51
        130.7
       130.76
        130.5
        43077
          456
1672752900000
        130.7
       130.69
       130.82
       130.69
        45234
          517
1672753200000
       130.76
       130.85
       130.87
       130.75
        23478
          383
1672753500000
       130.89
       130.97
        131.1
       130.89
        50616
          838
1672753800000
        130.9
       130.92
       131.05
       130.88
        26000
          516
1672754100000
       130.95
       130.77
          131
       130.77
        35928
          606
1672754400000
       130.82
       130.94
       130.95
     130.7723
        22145
          374
1672754700000
       130.95
       131.21
       131.22
       130.95
        46606
          708
1672755000000
       131.19
        131.1
        131.3
       131.06
       119923
         1202
1672755300000
        131.1
       131.31
       131.36
        131.1
        82075
          954
1672755600000
       131.31
       130.29
       131.31
       130.25
       295176
         2300
1672755900000
       130.28
       129.84
     130.6999
       129.44
    3826842.0
        63906
1672756200000
       129.83
        130.5
       130.68
       129.53
    2219751.0
        39375
1672756500000
       130.51
      129.885
        130.9
       129.74
    2082915.0
        17446
1672756800000
       129.88
     128.5803
       130.21
       128.51
    2781981.0
        24145
1672757100000
      128.585
       127.88
       128.71
       127.67
    2161583.0
        22450
1672757400000
       127.88
     126.9336
       127.98
       126.88
    2142455.0
        22369
1672757700000
       126.94
     126.5001
        127.3
     126.4166
    2008892.0
        21794
1672758000000
      126.505
       126.48
      126.895
       126.44
    1467337.0
        15863
1672758300000
      126.475
      125.915
        126.5
     125.7801
    2186525.0
        25253
1672758600000
       125.92
      125.535
      126.055
       125.49
    1769471.0
        20287
1672758900000
       125.54
      125.724
       125.97
      125.495
    1558914.0
        16928
1672759200000
       125.72
       125.46
       125.83
       125.23
    1993016.0
        21231
1672759500000
       125.46
     125.2093
       125.69
        125.1
    2046254.0
        19108
1672759800000
       125.21
       125.39
       125.42
       125.05
    1889022.0
        19017
1672760100000
        125.4
       125.35
       125.78
       125.31
    1521083.0
        15876
1672760400000
     125.3692
     125.6728
      125.725
       125.27
    1244247.0
        13003
1672760700000
     125.6712
       125.32
       125.72
       125.23
    1573968.0
        13475
1672761000000
      125.315
      125.595
     125.6558
      125.315
       934393
        10764
1672761300000
      125.595
       125.53
       125.87
       125.48
    1533571.0
        13355
1672761600000
      125.525
       125.08
       125.65
       125.05
    1429376.0
        13695
1672761900000
       125.08
      124.827
       125.26
       124.73
    2802522.0
        40015
1672762200000
       124.83
     125.0701
       125.22
     124.7607
    1024546.0
        10070
1672762500000
       125.07
      125.225
       125.46
       124.92
    1274280.0
        11976
1672762800000
       125.22
      125.345
        125.4
       125.02
       831740
         8895
1672763100000
     125.3502
     125.0284
       125.37
       124.83
    1134843.0
        12048
1672763400000
      125.025
       125.23
      125.275
        124.9
       849170
         8670
1672763700000
     125.2501
      124.966
       125.35
       124.96
       881776
         8421
1672764000000
       124.96
       124.85
       124.99
       124.75
       948242
        10683
1672764300000
       124.86
     124.5999
      124.865
       124.52
    1517062.0
        14484
1672764600000
     124.5943
     124.7425
       124.82
       124.49
    1013019.0
        12209
1672764900000
       124.75
       124.73
       124.87
       124.71
       762548
         8927
1672765200000
      124.725
       124.93
       125.04
       124.69
       906091
         9320
1672765500000
      124.925
     124.9799
      125.055
       124.82
       667466
         7842
1672765800000
       124.98
      124.795
      124.985
       124.75
       615510
         7366
1672766100000
      124.795
       124.36
       124.87
       124.35
    1129771.0
        12675
1672766400000
       124.36
       124.66
       124.69
     124.3491
       821340
         7547
1672766700000
       124.66
      124.805
       124.94
       124.61
       616786
         7147
1672767000000
        124.8
     124.6258
       124.87
       124.59
       710146
         8192
1672767300000
      124.625
       124.66
       124.73
     124.5604
       529465
         6561
1672767600000
      124.655
       124.62
        124.7
       124.44
       924972
         9137
1672767900000
     124.6099
       124.56
        124.7
       124.52
       474315
         5934
1672768200000
     124.5528
       124.59
      124.665
       124.35
       869247
         9893
1672768500000
     124.5999
     124.7066
       124.76
     124.4186
       650308
         6493
1672768800000
      124.709
      124.364
      124.709
       124.35
       566996
         6557
1672769100000
       124.36
      124.285
        124.6
       124.21
    1371649.0
         8991
1672769400000
       124.29
       124.24
        124.3
       124.19
       699332
         7758
1672769700000
       124.24
       124.23
       124.38
       124.21
       608098
         6520
1672770000000
      124.235
     124.6499
       124.74
      124.224
       838917
         7933
1672770300000
     124.6699
     124.5701
       124.72
       124.54
       536140
         6227
1672770600000
      124.575
       124.54
       124.83
       124.52
       724548
         6764
1672770900000
       124.53
       124.62
       124.67
       124.51
       672340
         7027
1672771200000
       124.61
      124.415
       124.63
       124.19
    1421608.0
        11621
1672771500000
       124.41
       124.73
       124.78
        124.3
       799145
         7902
1672771800000
       124.74
      124.815
       124.84
     124.6092
       569944
         5884
1672772100000
       124.82
       124.77
          125
       124.62
       799498
         7390
1672772400000
      124.768
       124.89
      124.915
      124.665
       491236
         5407
1672772700000
       124.89
     124.6697
       124.93
     124.6408
       658264
         6422
1672773000000
       124.67
       124.52
       124.82
       124.48
       553656
         6771
1672773300000
       124.52
     124.5384
       124.58
       124.42
       590009
         5825
1672773600000
       124.53
       124.57
      124.609
       124.46
       573476
         5654
1672773900000
      124.578
        124.3
       124.62
       124.17
       863152
         8964
1672774200000
     124.3099
        124.3
        124.4
       124.18
       843440
         6357
1672774500000
      124.295
       124.81
       124.86
      124.285
       935270
         7745
1672774800000
       124.82
     125.1665
       125.33
       124.78
    1580219.0
        11891
1672775100000
      125.165
       124.63
       125.19
        124.6
    1048055.0
         9212
1672775400000
      124.635
     124.6283
       124.89
       124.44
    1011117.0
         8793
1672775700000
       124.63
       124.65
       124.82
       124.52
       970267
         9188
1672776000000
     124.6601
       124.42
       124.69
       124.41
       673212
         7211
1672776300000
       124.45
        124.7
       124.72
        124.4
       824712
         7310
1672776600000
       124.71
      124.875
       125.03
      124.695
    1328913.0
        10884
1672776900000
       124.88
       124.63
     124.8984
       124.57
       895899
         7925
1672777200000
       124.63
       124.62
       124.79
       124.54
       744376
         7654
1672777500000
       124.63
       124.82
       124.95
      124.625
       936861
         8133
1672777800000
       124.82
      124.895
          125
       124.74
    1250313.0
        10218
1672778100000
      124.895
       124.98
          125
       124.77
    1193941.0
        10610
1672778400000
       124.99
       124.96
       125.17
       124.81
    1481970.0
        11912
1672778700000
       124.96
      125.335
       125.42
       124.93
    2626763.0
        21694
1672779000000
      125.335
       125.05
       125.36
       125.01
    3129458.0
        25499
1672779300000